2
Prueba1 34 20
99 99 99 99 99 99 99 99 20 21 40 41 99 99 99 99 99 99 99 54
99 99 99 99 99 99 99 99 19 22 39 42 99 99 99 99 99 99 99 52
99 99 99 99 99 99 99 99 18 23 38 43 99 99 99 99 99 99 99 50
99 99 99 99 99 99 99 99 17 24 37 44 99 99 99 99 99 99 99 48
99 99 99 99 99 99 99 99 16 25 36 45 99 99 99 99 99 99 44 46
99 99 99 99 99 99 99 99 15 26 35 46 99 99 99 99 99 40 42 99
99 99 99 99 99 99 99 99 14 27 34 47 99 99 99 99 36 38 99 99
99 99 99 99 99 99 99 99 13 28 33 48 99 99 99 32 34 99 99 99
99 99 99 99 99 99 99 99 12 29 32 49 99 99 28 30 99 99 99 99
99 99 99 99 99 5 99 99 11 30 31 50 99 24 26 99 99 99 99 99
99 99 99 99 4 0 1 99 10 99 99 51 20 22 99 99 99 99 99 99
99 99 99 99 6 5 7 8 9 10 11 15 18 99 99 99 99 99 99 99
99 99 99 99 99 3 99 99 99 99 12 99 99 99 99 99 99 99 99 99
99 99 99 99 99 99 99 99 99 99 13 99 99 99 99 99 99 99 99 99
99 99 99 99 99 99 99 99 99 99 14 99 99 99 99 99 99 99 99 99
99 99 99 99 99 99 99 99 99 99 15 99 99 99 99 99 99 99 99 99
99 99 99 99 99 99 99 99 99 99 16 99 99 99 99 99 99 99 99 99
99 99 99 99 99 99 99 99 99 99 17 99 99 99 99 99 99 99 99 99
99 99 99 99 99 99 99 99 99 99 18 99 99 99 99 99 99 99 99 99
99 99 99 99 99 99 99 99 99 99 19 99 99 99 99 99 99 99 99 99
99 99 99 99 99 99 99 99 99 99 20 99 99 99 99 99 99 99 99 99
99 99 99 99 99 99 99 99 99 99 99 99 99 99 99 99 99 99 99 99
99 99 99 99 99 99 99 99 99 99 99 99 99 99 99 99 99 99 99 99
99 99 99 99 99 99 99 99 99 99 99 99 99 99 99 99 99 99 99 99
99 99 99 99 99 99 99 99 99 99 99 99 99 99 99 99 99 99 99 99
99 99 99 99 99 99 99 99 99 99 99 99 99 99 99 99 99 99 99 99
99 99 99 99 99 99 99 99 99 99 99 99 99 99 99 99 99 99 99 99
99 99 99 99 99 99 99 99 99 99 99 99 99 99 99 99 99 99 99 99
99 99 99 99 99 99 99 99 99 99 99 99 99 99 99 99 99 99 99 99
99 99 99 99 99 99 99 99 99 99 99 99 99 99 99 99 99 99 99 99
99 99 99 99 99 99 99 99 99 99 99 99 99 99 99 99 99 99 99 99
99 99 99 99 99 99 99 99 99 99 99 99 99 99 99 99 99 99 99 99
99 99 99 99 99 99 99 99 99 99 99 99 99 99 99 99 99 99 99 99
99 99 99 99 99 99 99 99 99 99 99 99 99 99 99 99 99 99 99 99
Prueba2  34 20
99 99 99 99 99 99 99 99 20 21 40 41 99 99 99 99 99 99 99 54
99 99 99 99 99 99 99 99 19 22 39 42 99 99 99 99 99 99 99 52
99 99 99 99 99 99 99 99 18 23 38 43 99 99 99 99 99 99 99 50
99 99 99 99 99 99 99 99 17 24 37 44 99 99 99 99 99 99 99 48
99 99 99 99 99 99 99 99 16 25 36 45 99 99 99 99 99 99 44 46
99 99 99 99 99 99 99 99 15 26 35 46 99 99 99 99 99 40 42 99
99 99 99 99 99 99 99 99 14 27 34 47 99 99 99 99 36 38 99 99
99 99 99 99 99 99 99 99 13 28 33 48 99 99 99 32 34 99 99 99
99 99 99 99 99 99 99 99 12 29 32 49 99 99 28 30 99 99 99 99
99 99 99 99 99 5 99 99 11 30 31 50 99 24 26 99 99 99 99 99
99 99 99 99 4 0 1 99 10 99 99 51 20 22 99 99 99 99 99 99
99 99 99 99 6 5 7 8 9 10 11 15 18 63 64 109 99 99 99 99
99 99 99 99 99 3 99 99 99 99 12 99 19 62 65 108 99 99 99 99
99 99 99 99 99 99 99 99 99 99 13 99 20 61 66 107 99 99 99 99
99 99 99 99 99 99 99 99 99 99 14 99 21 60 67 106 99 99 99 99
99 99 99 99 99 99 99 99 99 99 15 99 22 59 68 105 99 99 99 99
99 99 99 99 99 99 99 99 99 99 16 99 23 58 69 104 99 99 99 99
99 99 99 99 99 99 99 99 99 99 17 99 24 57 70 103 99 99 99 99
99 99 99 99 99 99 99 99 99 99 18 99 25 56 71 102 99 99 99 99
99 99 99 99 99 99 99 99 99 99 19 99 26 55 72 101 99 99 99 99
99 99 99 99 99 99 99 99 99 99 20 99 27 54 73 100 99 99 99 99
99 99 99 99 99 99 99 99 99 99 99 99 28 53 74 99 99 99 99 99
99 99 99 99 99 99 99 99 99 99 99 99 29 52 75 98 99 99 99 99
99 99 99 99 99 99 99 99 99 99 99 99 30 51 76 97 99 99 99 99
99 99 99 99 99 99 99 99 99 99 99 99 31 50 77 96 99 99 99 99
99 99 99 99 99 99 99 99 99 99 99 99 32 49 78 95 99 99 99 99
99 99 99 99 99 99 99 99 99 99 99 99 33 48 79 94 99 99 99 99
99 99 99 99 99 99 99 99 99 99 99 99 34 47 80 93 99 99 99 99
99 99 99 99 99 99 99 99 99 99 99 99 35 46 81 92 99 99 99 99
99 99 99 99 99 99 99 99 99 99 99 99 36 45 82 91 99 99 99 99
99 99 99 99 99 99 99 99 99 99 99 99 37 44 83 90 99 99 99 99
99 99 99 99 99 99 99 99 99 99 99 99 38 43 84 89 99 99 99 99
99 99 99 99 99 99 99 99 99 99 99 99 39 42 85 88 99 99 99 99
99 99 99 99 99 99 99 99 99 99 99 99 40 41 86 87 99 99 99 99
